_viz_0 = nengo_gui.components.HTMLView(display_node)
_viz_config[_viz_0].height = 0.111358574610245
_viz_config[_viz_0].width = 0.0881057268722467
_viz_config[_viz_0].y = 1.0580736083705529
_viz_config[_viz_0].label_visible = True
_viz_config[_viz_0].x = 0.2085749057791189
_viz_1 = nengo_gui.components.Pointer(output_spa,args='default')
_viz_config[_viz_1].show_pairs = False
_viz_config[_viz_1].height = 0.16990145065205664
_viz_config[_viz_1].x = 0.532074498870198
_viz_config[_viz_1].width = 0.21170544057165475
_viz_config[_viz_1].y = 1.0509924301244185
_viz_config[_viz_1].label_visible = True
_viz_config[_viz_1].max_size = 1000.0
_viz_2 = nengo_gui.components.SpaSimilarity(output_spa,args='default')
_viz_config[_viz_2].show_pairs = False
_viz_config[_viz_2].y = 1.0662645918673104
_viz_config[_viz_2].height = 0.111358574610245
_viz_config[_viz_2].max_value = 1.5
_viz_config[_viz_2].width = 0.0881057268722467
_viz_config[_viz_2].min_value = -1.5
_viz_config[_viz_2].label_visible = True
_viz_config[_viz_2].x = 0.8419547462803718
_viz_net_graph = nengo_gui.components.NetGraph()
_viz_progress = nengo_gui.components.Progress()
_viz_config[_viz_progress].height = 100
_viz_config[_viz_progress].width = 100
_viz_config[_viz_progress].y = 0
_viz_config[_viz_progress].label_visible = True
_viz_config[_viz_progress].x = 0
_viz_sim_control = nengo_gui.components.SimControl()
_viz_config[_viz_sim_control].kept_time = 4.0
_viz_config[_viz_sim_control].shown_time = 0.5
_viz_config[display_node].pos=(0.32459615193469327, 0.7045326513931195)
_viz_config[display_node].size=(0.04395604395604395, 0.05128205128205128)
_viz_config[ens].pos=(0.33516483516483514, 0.5145949362129114)
_viz_config[ens].size=(0.10989010989010989, 0.062328140710165576)
_viz_config[ens].expanded=False
_viz_config[ens].has_layout=False
_viz_config[input_node].pos=(0.07142857142857142, 0.6025641025641025)
_viz_config[input_node].size=(0.04395604395604395, 0.05128205128205128)
_viz_config[model].pos=(0.0156077816136031, -0.4100679381428243)
_viz_config[model].size=(0.8331732462007347, 0.8331732462007347)
_viz_config[model].expanded=True
_viz_config[model].has_layout=True
_viz_config[output_node].pos=(0.598901098901099, 0.5171402950873961)
_viz_config[output_node].size=(0.04395604395604395, 0.05128205128205128)
_viz_config[output_spa].pos=(0.8626373626373627, 0.5126859266150313)
_viz_config[output_spa].size=(0.10989010989010989, 0.0642371503080458)
_viz_config[output_spa].expanded=False
_viz_config[output_spa].has_layout=False
_viz_config[output_spa.state_ensembles].expanded=False
_viz_config[output_spa.state_ensembles].has_layout=False